21008300 21008305 21009306 22003468 22003494 12003315 22003360
21008300 21008305 21009306 22003468 22003494 12003315 22003428
21008300 21008305 21009306 22003468 22003494 12003315 22003429
21008300 21008305 21009306 22003468 22003494 12003315 22003494
21008300 21008305 21009306 22003468 22003494 22003360 21008300
21008300 21008305 21009306 22003468 22003494 22003360 21008305
21008300 21008305 21009306 22003468 22003494 22003360 11009010
21008300 21008305 21009306 22003468 22003494 22003360 24003378
21008300 21008305 21009306 22003468 22003494 22003360 24003496
21008300 21008305 21009306 22003468 22003494 22003360 22003468
21008300 21008305 21009306 22003468 22003494 22003360 22003334
21008300 21008305 21009306 22003468 22003494 22003360 12003346
21008300 21008305 21009306 22003468 22003494 22003428 21008300
21008300 21008305 21009306 22003468 22003494 22003428 21008305
21008300 21008305 21009306 22003468 22003494 22003428 11009010
21008300 21008305 21009306 22003468 22003494 22003428 24003378
21008300 21008305 21009306 22003468 22003494 22003428 24003496
21008300 21008305 21009306 22003468 22003494 22003428 22003468
21008300 21008305 21009306 22003468 22003494 22003428 22003334
21008300 21008305 21009306 22003468 22003494 22003428 12003346
21008300 21008305 21009306 22003468 22003494 22003429 21008300
21008300 21008305 21009306 22003468 22003494 22003429 21008305
21008300 21008305 21009306 22003468 22003494 22003429 11009010
21008300 21008305 21009306 22003468 22003494 22003429 24003378
21008300 21008305 21009306 22003468 22003494 22003429 24003496
21008300 21008305 21009306 22003468 22003494 22003429 22003468
21008300 21008305 21009306 22003468 22003494 22003429 22003334
21008300 21008305 21009306 22003468 22003494 22003429 12003346
21008300 21008305 21009306 22003468 22003494 21008300 22003494
21008300 21008305 21009306 22003468 22003494 21008305 22003494
21008300 21008305 21009306 22003468 22003494 11009010 22003494
21008300 21008305 21009306 22003468 22003494 24003378 22003494
21008300 21008305 21009306 22003468 22003494 24003496 22003494
21008300 21008305 21009306 22003468 22003494 22003468 22003494
21008300 21008305 21009306 22003468 22003494 22003334 22003494
21008300 21008305 21009306 22003468 22003494 12003346 22003494
22003360 21008300 21009306 22003468 22003494 12003315 21008300
22003360 21008300 21009306 22003468 22003494 12003315 21008305
22003360 21008300 21009306 22003468 22003494 12003315 11009010
22003360 21008300 21009306 22003468 22003494 12003315 24003378
22003360 21008300 21009306 22003468 22003494 12003315 24003496
22003360 21008300 21009306 22003468 22003494 12003315 22003468
22003360 21008300 21009306 22003468 22003494 12003315 22003334
22003360 21008300 21009306 22003468 22003494 12003315 12003346
22003360 21008300 21009306 22003468 22003494 22003360 21009306
22003360 21008300 21009306 22003468 22003494 22003360 11012002
22003360 21008300 21009306 22003468 22003494 22003360 21012001
22003360 21008300 21009306 22003468 22003494 22003360 14003309
22003360 21008300 21009306 22003468 22003494 22003428 21009306
22003360 21008300 21009306 22003468 22003494 22003428 11012002
22003360 21008300 21009306 22003468 22003494 22003428 21012001
22003360 21008300 21009306 22003468 22003494 22003428 14003309
22003360 21008300 21009306 22003468 22003494 22003429 21009306
22003360 21008300 21009306 22003468 22003494 22003429 11012002
22003360 21008300 21009306 22003468 22003494 22003429 21012001
22003360 21008300 21009306 22003468 22003494 22003429 14003309
22003360 21008300 21009306 22003468 22003494 21008300 21008305
22003360 21008300 21009306 22003468 22003494 21008300 11009010
22003360 21008300 21009306 22003468 22003494 21008300 24003378
22003360 21008300 21009306 22003468 22003494 21008300 24003496
22003360 21008300 21009306 22003468 22003494 21008300 22003468
22003360 21008300 21009306 22003468 22003494 21008300 22003334
22003360 21008300 21009306 22003468 22003494 21008300 12003346
22003360 21008300 21009306 22003468 22003494 21008305 11009010
22003360 21008300 21009306 22003468 22003494 21008305 24003378
22003360 21008300 21009306 22003468 22003494 21008305 24003496
22003360 21008300 21009306 22003468 22003494 21008305 22003468
22003360 21008300 21009306 22003468 22003494 21008305 22003334
22003360 21008300 21009306 22003468 22003494 21008305 12003346
22003360 21008300 21009306 22003468 22003494 11009010 24003378
22003360 21008300 21009306 22003468 22003494 11009010 24003496
22003360 21008300 21009306 22003468 22003494 11009010 22003468
22003360 21008300 21009306 22003468 22003494 11009010 22003334
22003360 21008300 21009306 22003468 22003494 11009010 12003346
22003360 21008300 21009306 22003468 22003494 21009306 22003494
22003360 21008300 21009306 22003468 22003494 11012002 22003494
22003360 21008300 21009306 22003468 22003494 21012001 22003494
22003360 21008300 21009306 22003468 22003494 24003378 24003496
22003360 21008300 21009306 22003468 22003494 24003378 22003468
22003360 21008300 21009306 22003468 22003494 24003378 22003334
22003360 21008300 21009306 22003468 22003494 24003378 12003346
22003360 21008300 21009306 22003468 22003494 24003496 22003468
22003360 21008300 21009306 22003468 22003494 24003496 22003334
22003360 21008300 21009306 22003468 22003494 24003496 12003346
22003360 21008300 21009306 22003468 22003494 14003309 22003494
22003360 21008300 21009306 22003468 22003494 22003468 22003334
22003360 21008300 21009306 22003468 22003494 22003468 12003346
22003360 21008300 21009306 22003468 22003494 22003334 12003346
22003360 22003428 21009306 22003468 22003494 12003315 21009306
22003360 22003428 21009306 22003468 22003494 12003315 11012002
22003360 22003428 21009306 22003468 22003494 12003315 21012001
22003360 22003428 21009306 22003468 22003494 12003315 14003309
22003360 22003428 21009306 22003468 22003494 21008300 21009306
22003360 22003428 21009306 22003468 22003494 21008300 11012002
22003360 22003428 21009306 22003468 22003494 21008300 21012001
22003360 22003428 21009306 22003468 22003494 21008300 14003309
22003360 22003428 21009306 22003468 22003494 21008305 21009306
22003360 22003428 21009306 22003468 22003494 21008305 11012002
22003360 22003428 21009306 22003468 22003494 21008305 21012001
22003360 22003428 21009306 22003468 22003494 21008305 14003309
22003360 22003428 21009306 22003468 22003494 11009010 21009306
22003360 22003428 21009306 22003468 22003494 11009010 11012002
22003360 22003428 21009306 22003468 22003494 11009010 21012001
22003360 22003428 21009306 22003468 22003494 11009010 14003309
22003360 22003428 21009306 22003468 22003494 21009306 24003378
22003360 22003428 21009306 22003468 22003494 21009306 24003496
22003360 22003428 21009306 22003468 22003494 21009306 22003468
22003360 22003428 21009306 22003468 22003494 21009306 22003334
22003360 22003428 21009306 22003468 22003494 21009306 12003346
22003360 22003428 21009306 22003468 22003494 11012002 24003378
22003360 22003428 21009306 22003468 22003494 11012002 24003496
22003360 22003428 21009306 22003468 22003494 11012002 22003468
22003360 22003428 21009306 22003468 22003494 11012002 22003334
22003360 22003428 21009306 22003468 22003494 11012002 12003346
22003360 22003428 21009306 22003468 22003494 21012001 24003378
22003360 22003428 21009306 22003468 22003494 21012001 24003496
22003360 22003428 21009306 22003468 22003494 21012001 22003468
22003360 22003428 21009306 22003468 22003494 21012001 22003334
22003360 22003428 21009306 22003468 22003494 21012001 12003346
22003360 22003428 21009306 22003468 22003494 24003378 14003309
22003360 22003428 21009306 22003468 22003494 24003496 14003309
22003360 22003428 21009306 22003468 22003494 14003309 22003468
22003360 22003428 21009306 22003468 22003494 14003309 22003334
22003360 22003428 21009306 22003468 22003494 14003309 12003346
